13.tif 326 186 144
12.tif 93 89 111
38.tif 205 158 162
10.tif 316 89 230
11.tif 162 178 141
39.tif 339 172 117
15.tif 126 236 271
29.tif 218 301 111
28.tif 75 108 210
14.tif 231 171 196
16.tif 207 179 151
17.tif 92 240 95
9.tif 154 213 132
8.tif 212 269 186
3.tif 187 122 140
2.tif 182 208 134
1.tif 138 274 209
5.tif 170 92 332
42.tif 163 223 117
4.tif 112 102 130
40.tif 86 115 104
6.tif 118 300 141
7.tif 159 307 142
41.tif 303 261 88
26.tif 104 101 207
32.tif 329 371 187
33.tif 174 214 130
27.tif 273 146 189
19.tif 209 285 209
31.tif 80 221 100
25.tif 157 209 157
24.tif 242 206 125
30.tif 490 217 257
18.tif 128 119 98
34.tif 296 154 127
20.tif 198 241 132
21.tif 171 248 203
35.tif 211 170 153
23.tif 292 341 258
37.tif 277 188 144
36.tif 131 109 261
22.tif 153 218 207
